<?xml version="1.0" encoding="UTF-8" standalone="no"?>
<!DOCTYPE svg PUBLIC "-//W3C//DTD SVG 20010904//EN"
              "http://www.w3.org/TR/2001/REC-SVG-20010904/DTD/svg10.dtd">

<svg xmlns="http://www.w3.org/2000/svg"
     width="5.68889in" height="5.68889in"
     viewBox="0 0 512 512">
  <path id="Selection"
        fill="none" stroke="black" stroke-width="1"
        d="M 254.00,0.00
           C 254.00,0.00 254.00,298.00 254.00,298.00
             254.00,298.00 241.00,298.00 241.00,298.00
             241.00,298.00 241.00,309.00 241.00,309.00
             241.00,309.00 249.00,309.00 249.00,309.00
             249.00,309.00 231.85,346.00 231.85,346.00
             229.87,352.10 232.42,357.68 228.95,365.00
             228.95,365.00 220.88,377.00 220.88,377.00
             215.87,385.61 211.12,399.00 211.00,409.00
             210.91,416.79 211.00,422.92 214.90,430.00
             227.09,452.09 263.66,457.73 282.99,442.47
             292.72,434.79 296.98,422.01 297.00,410.00
             297.02,399.79 295.95,392.46 291.69,383.00
             291.69,383.00 281.99,365.00 281.99,365.00
             279.23,357.93 280.78,350.54 279.21,345.00
             279.21,345.00 264.00,309.00 264.00,309.00
             264.00,309.00 271.00,309.00 271.00,309.00
             271.00,309.00 271.00,298.00 271.00,298.00
             271.00,298.00 260.00,298.00 260.00,298.00
             260.00,298.00 260.00,0.00 260.00,0.00
             260.00,0.00 254.00,0.00 254.00,0.00 Z
           M 247.00,345.00
           C 247.00,345.00 233.00,389.00 233.00,389.00
             233.00,389.00 249.00,383.00 249.00,383.00
             249.00,383.00 250.81,385.89 250.81,385.89
             255.59,391.60 256.87,383.76 262.01,383.95
             264.01,384.02 273.30,388.84 276.00,390.00
             276.00,390.00 265.00,345.00 265.00,345.00
             265.00,345.00 277.00,345.00 277.00,345.00
             277.00,351.30 276.68,358.98 278.63,365.00
             278.63,365.00 287.69,382.00 287.69,382.00
             293.87,395.61 296.52,415.20 289.62,429.00
             283.25,441.75 270.01,448.83 256.00,449.00
             245.53,449.12 237.99,448.81 229.00,442.37
             219.99,435.91 215.25,425.83 214.17,415.00
             212.99,403.23 218.02,388.11 223.87,378.00
             226.44,373.57 231.01,368.36 232.78,364.00
             233.80,361.49 234.85,348.37 235.00,345.00
             235.00,345.00 247.00,345.00 247.00,345.00 Z
           M 273.00,387.00
           C 262.66,383.98 262.19,377.92 255.00,387.00
             255.00,387.00 253.00,387.00 253.00,387.00
             247.09,379.11 244.73,382.67 237.00,386.00
             237.63,378.98 242.29,367.14 244.67,360.00
             245.46,357.61 248.17,348.86 249.27,347.31
             251.20,344.61 258.71,344.00 261.28,345.99
             263.20,347.49 264.73,354.49 265.37,357.00
             265.37,357.00 273.00,387.00 273.00,387.00 Z" />
</svg>
